34
27
89
14
12
31
3
14
13
15
126
17617834l5
5234
26
372357
345
3523
4523
6236
2363
2345
2345
23762
36
324
5634
53246246
3245116
34
27
89
14
12
31
3
14
13
15
126
17617834l5
5234
26
372357
345
3523
4523
6236
2363
2345
2345
23762
36
324
5634
53246246
3245116
34
27
89
14
12
31
3
14
13
15
126
17617834l5
5234
26
372357
345
3523
4523
6236
2363
2345
2345
23762
36
324
5634
53246246
3245116
34
27
89
14
12
31
3
14
13
15
126
17617834l5
5234
26
372357
345
3523
4523
6236
2363
2345
2345
23762
36
324
5634
53246246
3245116
34
27
89
14
12
31
3
14
13
15
126
17617834l5
5234
26
372357
345
3523
4523
6236
2363
2345
2345
23762
36
324
5634
53246246
3245116
34
27
89
14
12
31
3
14
13
15
126
17617834l5
5234
26
372357
345
3523
4523
6236
2363
2345
2345
23762
36
324
5634
53246246
3245116
